5.59234236801845
7.40156583509682
7.18034565346954
4.28259354930805
4.74014473901947
6.46747504755162
5.24066314063369
7.27266256937649
3.62645376256157
5.94336572688555
5.57668493091187
7.78370967009361
2.30899597967781
5.00149481238347
5.10698961514754
0.316189612176645
7.49619028910833
10.6184637071302
4.53563027644875
5.57406429378678
4.07079102021328
5.76863555342453
4.24034495329337
4.79644354490901
8.23630228340626
3.30554023470028
3.84823364657436
4.8481737432629
4.73505681564453
7.87861933227364
9.06252583004947
3.04359677989953
3.71795266401524
6.04095133903208
4.23860000769202
8.98570388248676
8.27174049629889
6.11803778265901
6.12727516881405
4.32320675735145
6.52729474317071
7.25488469207459
5.28314233452611
8.8562682059403
6.34127581910667
4.77977752600119
5.74192451602383
7.19318938669667
4.20367378568984
4.82907489742299
9.74657482230603
4.05215796012948
6.8926817168365
6.63632315173397
8.17794176887767
6.05202399442411
0.069604894675857
3.29494411487096
6.02347082552096
5.51554982274881
8.92489479000333
7.81262981785047
5.99366746384917
5.16566112455105
1.9030442700471
8.72631926626048
5.26805324363782
1.90799485234758
5.86656479238326
5.20590843997493
3.85930780024672
5.9861243133875
3.58497357298405
2.3039499280583
1.4913969381276
4.27238209070525
3.74581198874776
5.8803005054281
1.9947177421817
4.58352911130006
1.98974908083354
8.61948164534971
4.76605486449625
7.45241797034014
5.98988628892816
6.81718970871543
2.69156233046284
7.51511103486269
7.9050648334785
0.846377029673797
4.64702399186689
3.69583561704851
5.31306760738528
3.29954841138531
5.55809183741633
6.19418746101221
5.4894334156127
4.76330697784983
2.42118423610968
5.11512728345767
3.95813422545507
2.44194621644071
4.8875455369998
4.5806394336556
5.38420311703878
6.98466457798195
6.15248838755739
7.6115675431163
3.54138833626899
3.27085062484351
4.81015801718685
7.76642783113621
7.60736274705889
4.74837563888793
3.80625243008795
1.95870734877428
6.343683201327
5.04568858011223
2.64442282749209
4.33084367180051
1.34108958278421
5.85997919390441
4.65201307537267
8.26248483857895
2.28114395713897
6.94101336393847
5.28727962097459
5.16520718231655
6.43332802911591
7.3869677240104
2.85787616250785
7.63780441862509
2.57999371761073
2.85177019645335
3.65487983631412
6.47292436315091
2.86007861439943
5.66943023905228
5.8237651905103
5.30824037506879
6.10914139534066
2.65430862308769
7.0151733719244
5.22704056022042
6.4601017348886
3.03297643896232
5.10406311343611
6.75519874518946
7.02828208188427
4.83130317842641
1.29293684730758
2.80635858028134
5.43725525505034
6.58849170144064
5.92624838986298
3.77473995155919
9.48879962127866
5.14469521671872
6.73102879260551
4.1686070668086
2.77012378814752
6.37050485586586
7.07534643055896
8.64442305686212
3.94202301384649
1.74406653400882
8.23460486341562
5.5282734838305
2.74570762868165
3.88164828192956
3.38230968692528
7.32200857119311
6.18421053829308
5.48549532896907
5.48095496935875
3.35699920230596
6.98622425242639
5.69278944903622
4.4777329452669
4.63057418982404
4.79653000084249
3.22591371234392
6.4827541946107
7.78441574177585
9.94780057875253
6.00783848538173
3.35503889233886
5.40196374129269
2.98589494498184
3.77365687953185
3.68207321830096
3.33354134497609
5.75635859377429
2.76931480798365
6.33448270349323
6.5906656073322
7.07498370869529
4.95913761479465
6.23790617173845
8.60612702143294
5.10598662258512
4.64421982633164
8.54496512391082
-0.0176072261617728
4.08682162928153
9.86075507387476
4.05709182820257
3.87934301770335
2.54706525247272
6.58590072719643
0.780119136311461
3.4012097479881
6.13395018579846
4.99711420227488
6.24784933250949
5.25288166206935
6.36173558837508
2.42516817227853
5.43616970504945
1.8668658526084
6.56656386167375
4.37886018255686
6.31064882314571
3.92506528065851
5.65728680650642
7.10814394285795
1.04060136169164
1.26522363082562
1.3352886579493
6.69718423028027
5.81037452012336
3.59508792687999
7.99809204256929
5.27558973146073
1.82635720019309
2.96170897032472
2.22953251794815
6.90977286061429
3.79775936125808
2.65621839170945
3.84577938580653
3.32713895109387
6.70593906017435
5.95466235735316
5.60464014989379
5.83155238123579
5.08594965860938
3.10229353988565
6.08321673251092
3.35774348256222
2.85618990310182
2.85181672724348
6.73910561462653
6.96210282905052
1.48234926172198
4.70380808486592
5.50388349235078
3.77923074821433
6.52195962043677
5.50885900450078
4.69433264612524
3.88517824958164
6.35403531369489
6.69859488084411
5.9386143651799
4.52043659102148
6.8419709076198
3.18623724318582
5.28888121255094
7.7928180563636
4.62060248079023
3.312328218348
8.88687609969463
4.50615691885024
5.88323831173181
3.39277703155928
5.57521886540895
5.9340361875078
5.00912321912383
5.65218071720653
7.40917343306698
2.19176833585828
5.41112711090866
1.01760842115586
5.05681786783654
8.86103081750466
6.88227357665331
4.98615109739626
4.32351670545538
6.05653156736273
7.11379918868033
5.02948123320488
8.22952253382458
3.36829007628765
1.00448175126695
3.5036171833705
4.60139195872306
4.25447984405912
3.30525767967042
7.67447608625634
1.76736548410429
4.01636481013686
3.06139686598514
4.05178415894619
3.66767234961182
5.95674936623001
2.9178837339757
3.35868181868486
5.20225921202622
7.16796507372917
1.29094552523405
8.59950557157619
3.24325138884294
6.29546545286642
7.09913006450498
7.64618675369142
3.96528206872405
5.04862989942211
4.67526625289292
3.78867782786523
5.54341952801803
5.71728682435812
4.29536975443863
5.26471985639944
10.3471635543988
4.98486784911092
6.42060587332278
4.07492127437421
3.94424419879978
4.308425866191
6.12911554746873
3.39692171199585
1.29410642966355
5.10643203490637
4.12716956589022
5.56001494453233
5.1692117743619
6.45823811913628
6.80150619129166
2.34872341093628
1.95084234302998
6.00486666612572
5.612782851299
3.12167906936268
7.47480425286029
5.06602382911006
5.24713663644246
5.54787875910153
6.50833161656482
8.04899501146759
4.47604847548859
1.53863298445411
7.02692859998016
3.1445278031074
7.48736057244716
3.82102260482822
7.98296346957308
3.38804381057146
2.77480189449359
6.91387913619875
2.27389682212542
6.3611699254483
5.87564724513146
4.71346490665592
4.31693499079889
9.11562126812837
4.25092992914841
4.61959360509432
3.12253517877661
3.37307527123366
3.83276249694281
8.41905074104773
4.21916036445792
3.61986927344041
4.10355859614181
6.42875270019922
2.36853750343378
6.2542441905263
2.33741031347863
4.73830369648067
1.34620765856407
6.07184493022031
6.38572943087327
3.62490048983852
5.63515151288085
5.32568468024854
7.31823181166128
5.2567761173272
7.07891626660345
4.76645771739094
3.7034061797915
4.92403759022472
4.60135036245577
6.76333974403139
4.88771185818613
3.3175222612252
4.69031232382792
7.37718934092855
4.1701854415283
3.68276647497721
6.96798133619731
5.20245498911713
4.27458835175972
3.52234433634976
2.04031517954011
5.30674349894479
4.36596505627804
5.6378365048061
2.08690682410627
7.64366900376957
5.97440787510219
1.86674750170685
7.11411925789905
3.8248444068414
5.60444323586477
5.43892477684196
3.24359779697533
-0.722799518541692
6.0711105931705
4.31592538019597
3.80428229052792
5.83782541682061
3.62063855845258
6.34238208258188
5.30179492103803
3.01736223032974
6.67365989549666
5.94901794047054
7.50433170953984
3.21475468867868
3.20945154126326
5.62665185505221
6.33406632253775
6.65623310460707
5.01301855645464
4.52821560572656
6.30564218990568
8.92906502312228
6.76916834695153
5.1690739141523
3.85097187748302
5.99950126148681
4.0317910347763
5.47689127129706
6.55649638294987
6.84854586379179
6.17627582858714
7.75586855440921
8.70240986559395
1.20467046511064
1.44263164178437
3.15471752678653
1.00414583274488
4.28579988455462
4.32719848022236
5.5008520095745
5.57232380234036
3.62766286377513
3.37337102451101
6.58680511770375
4.23610949209733
2.25759165967404
5.02061490885109
5.40826409149596
4.17794898735092
6.32712235868863
5.45156427886887
4.57431377373685
4.91193085797533
5.91636364571345
4.11716524238314
2.89010655544531
4.68883148098835
5.25829572650398
6.01885665519509
4.93975294101136
4.08527010063992
6.19267125153293
4.77294310862272
6.61404883088222
4.82039452083724
4.98741574957591
4.81627865711623
3.15752343563376
3.1460969335352
3.07755865449572
8.56965967773367
4.59962202756743
6.88082330857252
5.69831267431082
8.71856060137291
6.85414394632339
2.54607231236858
4.34552171901155
6.783292801416
5.57637115626104
9.53039086714467
4.90421933907247
1.89627186293551
5.88816662406325
3.17636224638093
5.09886929507744
7.15609174963874
5.61635751996225
5.59927708540422
4.60556308891643
4.70715513411431
4.79385826044217
-0.597963891664847
5.78655035209072
6.98049430530375
2.40473417865595
1.9560632759252
6.24202261532775
1.98495482975252
1.64119572328407
6.57795240146078
3.69143527893068
7.48980602063381
2.41547116427004
3.77129505275481
5.4833904227103
6.09869829598358
5.93526863512543
5.38291400601808
4.54039008846674
3.84156632015374
5.96096235433365
4.22633471626654
5.84323108273875
7.1754117105375
0.501336203111991
8.60896027913859
3.73587924113619
7.63291641439321
8.10318411698132
2.06218379298647
5.35387671217393
11.9325198287834
4.57074655110994
5.97256512683944
5.66177023984596
7.53580416185968
7.18102841108921
3.1070987793284
4.12300171277861
5.68644134453105
4.88319323610698
10.0699493754701
5.8772908755204
5.87503543599701
3.32464800962588
2.38499476795049
6.58828543084331
4.60547242110879
6.29830563250897
3.33705145568066
6.79190812000231
1.37302715914349
8.13336690789594
6.69300132911739
5.22030967251108
2.67779694316754
4.20492859487614
5.50858862208098
7.41557887214852
2.93291677460017
7.59029350857175
10.5362460666844
4.00930570121527
5.93753104884373
3.68540622568798
1.56608551545135
7.9410382082128
6.38827453120072
3.97860602665072
5.22677476664174
4.54038570467197
2.07653431996137
-0.764672279879316
4.90506478494126
4.07506809927622
3.84670821049775
3.30806328099442
1.36552897179933
3.95653877112911
5.32287175609467
2.87637825026418
5.90098747844222
4.45440385355239
4.79709129853028
2.14178810414267
3.47118112261724
5.82027508662399
3.42013450187902
5.32327425873866
8.95580799472699
6.59053285461952
7.07473346633872
9.72065992988688
7.35079019938508
5.79548085227311
8.90249743354898
3.19068727158964
3.63569561686691
9.03658315341979
5.90868635672239
4.91579164036195
5.91633460848319
4.47171172793699
4.41602970529669
4.22640371281729
3.8920141340147
3.11254414314084
4.88030363470224
3.85063045978772
7.88371059886337
5.47105345954341
7.04275310082145
4.72033893411511
4.8368977938815
7.51649350391671
7.93706800399204
5.06588171207847
8.38495629059105
5.95145711677652
5.73706043683539
9.38400144846612
8.07137020972142
6.81452043064582
5.80451916471056
3.92323599806585
4.76956902338808
8.64400011060599
0.956986683879482
3.72604507855354
4.62239355167978
5.29655008388935
1.43223991207174
6.05813509590396
6.45946372294786
3.11973015320177
4.48142610080815
2.57291033285587
8.24909933366562
5.74702481657984
4.49821641061482
3.14908819698194
5.19732065904581
8.36855968010398
5.55051879949229
5.70657875879404
2.59924887371345
5.33225735178375
6.55232352784006
2.23712919390049
7.2565580405692
9.93087917006619
1.88416556316852
0.86670435956308
4.85480266904297
6.51822288041232
4.83667170312046
4.68305341871262
5.01299607300257
2.87078439673023
1.71216985310066
8.16309965600624
5.58522828070962
2.62478284335527
7.15187347313121
2.40525679746461
4.75645954033847
6.48154307775726
3.31856474875528
4.30105839254768
5.05926391344561
8.90474692092669
5.91804706388167
4.20137613906344
4.54923071330662
4.43943411425354
7.61344912515628
4.43124973026553
3.41657902032686
5.48123777649382
4.81070803233014
6.58646935561551
6.91887905692624
7.1742056370229
6.29433742929055
6.26510034029832
8.80655264532374
2.67994892553824
4.30538147415814
1.60987068516906
6.83877211807252
5.04306243371054
4.40131933251453
1.55796831314845
5.36686374224401
4.48053540658154
2.29042210704224
2.68511599898002
3.47602728043033
4.49940082565119
1.70247382927825
4.63601876546098
6.23137445944036
4.24665145826522
3.60392946082796
5.60824486006039
7.20215983816385
4.10678405792434
4.06657550246368
2.12835870417662
3.04456778289757
6.21178919902976
4.77269095050836
6.52912310197957
6.33979491086999
5.75156737755094
6.5333056283463
8.04694368921487
6.15364838760706
5.85194603224153
4.91413805890472
2.51547397751757
3.99009665704973
5.65170262163042
2.77715325467415
5.93636864821832
5.64522575238263
5.20004287524247
5.60286916164194
5.04764727516409
4.95589053160732
4.98248414249589
6.85891026229981
4.8191353759301
-0.282291574983094
4.02770001540081
5.39193924414707
6.9194444144996
7.76064875946095
3.11707272408755
6.52173620879395
5.47584089582476
4.58325308111791
5.04947839848189
4.94381779278818
5.28071825644018
5.47517236534752
3.65690254889036
2.90999996322465
6.93153328373292
4.56048695881661
7.82907171539119
3.15162668814621
3.81171836018517
7.84255090289915
7.81521529341933
2.94199848903313
5.41302446280223
7.68222261180497
7.66543314825209
2.43021059216738
8.23675178188652
6.32328753623383
5.45469288454036
4.54884773855885
3.06801312538745
5.19003572202391
4.48653499820982
9.62026281094504
5.38011944410621
4.65319201194966
4.97194235384847
3.77452337277377
9.14359988833466
6.27404817066751
5.14978786559293
7.24653438638126
4.93374412434678
4.8045045891716
3.88676021250732
3.76900198783641
8.20910641919536
6.53699086828201
5.17386694655906
8.40871827819105
5.04726771067626
5.58008563945713
2.16020158741217
5.95054711388695
2.10536192466708
3.02344001365638
6.89875904526394
5.7024479490929
3.25543685460454
4.20374565695103
5.51287176651836
5.44005090547065
1.5771188348951
2.58848951785328
1.45417269901218
4.85501671565467
1.55777030526347
6.40376245885142
2.98906401049307
2.78714635641894
8.5811198068838
9.32476831195249
3.36144496463549
4.92590082053752
8.92600798478438
3.91946725824692
8.43500758549333
6.63961656302603
5.11104166748452
4.29374932957013
8.38629857409241
6.42210080996051
3.73447212667241
5.7854527747196
3.24407686774487
5.29789085841929
8.06375619091961
6.06369552239961
3.48066576837741
5.6959682814095
3.60439459994982
9.03862954669211
1.41260093186852
3.68098489517959
6.54290667591537
3.35931780772491
5.03577636364119
6.30907044699564
7.51539753289596
3.14584001891013
4.66024466759748
4.05665502479372
4.77153302153842
5.73897378453865
3.76276944292051
6.60023024786402
5.85339210466872
4.05533848960086
5.5519035608882
6.96845419829248
6.98621487382073
6.33641824505708
4.87000315145004
3.75980273180222
5.44820853424613
4.06772761003258
4.33582623922546
6.8496296134412
7.89405104098926
6.19166421497724
9.10654111252297
1.94149931665582
5.04537515040326
5.1905696202199
8.22905267026568
6.00254634389527
4.35231957781863
6.10843322019255
6.28488691060023
5.36525022895275
0.945047249730591
7.04616188401034
-1.9830836347122
5.21897927033659
1.89733704921794
4.28977817432708
7.7971149614306
3.97305008634131
8.83435928624673
6.55682112708298
4.50708977971243
3.19293669221847
4.00819548368117
5.7489895723026
0.258935801637734
6.23012401534992
5.55892996365248
6.63773017651654
9.09501308410213
4.35251129765903
3.03891541413029
7.35926834096003
6.78916550637439
4.71413875388986
3.81305894135117
5.49783439665519
2.74043531157744
5.1321892290349
3.72415081130869
3.3613847068576
6.93590704333749
5.06069801970116
7.70219304764346
2.82725147457482
5.48053007814234
2.90763744240994
6.237435289372
7.61006841578025
7.04698216273673
0.769235098765492
6.36345773463934
5.01741855084898
5.66854665665471
3.90517447362419
1.69803131400222
6.78558655695999
3.98588890013416
4.3404177011522
5.33670759649794
10.0734800602778
9.5872533228109
2.3626781650816
4.05173053191956
6.97476398603408
0.853947135321438
7.48805223996682
4.36952083810037
7.79858799786866
3.24023720913175
3.15505508929585
9.62880579706266
6.17602640818748
4.3804647304647
2.93407170530026
7.2067014677805
5.68421786154307
0.472013555041359
3.19342836663035
10.940057900449
4.97646740810262
1.00092186239381
3.22396937730081
4.16019520507189
6.38915671256687
4.67449460992812
5.20315328332553
4.96428307711813
3.07934581630673
7.34561129051088
4.26945463342505
4.07317871091434
5.3899791439548
4.86610699469629
3.95693972666347
5.2541995220846
9.2260369478705
6.08256219226842
3.68982945317044
3.26094254571569
4.52220421664722
1.84802535879373
8.6515024560511
5.40853495763086
2.67320841516934
5.24121963729005
2.11296325169219
6.16469209209331
4.63706906634991
5.08401956327171
5.72368389210437
6.70742924460966
3.38045596365618
2.06589866266299
4.79220752519656
3.3541732162093
5.84996283113852
1.29063125514606
6.71715017758479
5.61278730129622
2.77687649489492
4.36551855621615
6.67572530769537
9.85293062114234
4.29782111639966
7.76392367789629
3.27868907559939
5.41378094739198
4.58500552418873
5.68051407035806
4.00377570974898
2.15721066807556
4.4584516928543
5.8793262196207
3.98771245584004
4.63130353499299
5.80399801993006
6.0784564825495
3.53281356430808
4.46325602131867
